0 1 0 0 90.9927 0.1250
0 1 0 0 49.1582 0.1383
0 1 0 0 46.9430 0.1448
0 1 0 0 62.3627 0.1250
0 1 0 0 54.0974 0.1256
0 1 0 0 54.2974 0.1252
0 1 0 0 70.8509 0.1250
0 1 0 0 48.5743 0.1399
0 1 0 0 83.4036 0.1250
0 1 0 0 50.5509 0.1344
6 1 0 0 46.2419 0.1352
6 1 0 0 45.1498 0.1384
6 0 0 1 100.0058 0.0000
6 1 0 0 39.8699 0.1568
6 1 0 0 40.0826 0.1559
6 1 0 0 46.6200 0.1341
6 0 0 1 100.0074 0.0000
6 1 0 0 48.3096 0.1294
6 1 0 0 47.9980 0.1302 
6 1 0 0 39.8653 0.1568
12 1 0 0 89.8731 0.1250
12 1 0 0 96.6599 0.1250
12 0 0 1 100.0131 0.0000
12 1 0 0 42.3341 0.1386
12 0 0 1 100.0017 0.0000
12 1 0 0 44.9005 0.1307
12 1 0 0 45.0498 0.1303
12 1 0 0 44.2664 0.1326
12 0 0 1 100.0036 0.0000
12 0 0 1 100.0048 0.0000
18 1 0 0 74.1947 0.1250
18 1 0 0 36.7199 0.1579
18 1 0 0 36.3309 0.1596
18 1 0 0 35.3184 0.1642
18 1 0 0 41.9025 0.1384
18 1 0 0 34.4753 0.1682
18 1 0 0 37.9466 0.1528
18 1 0 0 34.5753 0.1677
18 0 0 1 100.0111 0.0000
18 0 0 1 100.0052 0.0000
24 1 0 0 49.2283 0.1261
24 1 0 0 48.2419 0.1286
24 0 0 1 100.0068 0.0000
24 1 0 0 50.4332 0.1250
24 1 0 0 47.9372 0.1294
24 1 0 0 50.3764 0.1250
24 1 0 0 50.4516 0.1250
24 0 0 1 100.0201 0.0000
24 0 0 1 100.0018 0.0000
24 1 0 0 48.6181 0.1276
30 1 0 0 48.9994 0.1250
30 1 0 0 46.7359 0.1267
30 1 0 0 45.7503 0.1295
30 1 0 0 46.9368 0.1262
30 1 0 0 45.9079 0.1290
30 1 0 0 46.5937 0.1271
30 1 0 0 44.9567 0.1317
30 1 0 0 58.0801 0.1250
30 0 0 1 100.0055 0.0000
30 0 0 1 100.0159 0.0000
36 1 0 0 35.0868 0.1501
36 0 0 1 100.0043 0.0000
36 1 0 0 33.7249 0.1561
36 0 0 1 100.0090 0.0000
36 1 0 0 33.3125 0.1581
36 0 0 1 100.0018 0.0000
36 1 0 0 34.3473 0.1533
36 1 0 0 34.1330 0.1543
36 1 0 0 33.1094 0.1590
36 0 0 1 100.0043 0.0000
42 0 0 1 100.0200 0.0000
42 1 0 0 43.4412 0.1306
42 0 0 1 100.0161 0.0000
42 1 0 0 43.4204 0.1306
42 1 0 0 39.4928 0.1436
42 1 0 0 38.4342 0.1476
42 1 0 0 36.4103 0.1558
42 1 0 0 37.8569 0.1498

