0 1 0 0 48.5371 0.1400
0 1 0 0 45.7785 0.1485
0 0 0 1 100.0157 0.0000
0 0 0 1 100.0091 0.0000
0 1 0 0 47.0665 0.1444
5 1 0 0 34.8068 0.1704
207 0 1 0 65.3757 0.0000
207 0 1 0 68.2564 0.0000
207 0 1 0 72.6631 0.0000
207 0 1 0 63.9106 0.0000
207 0 1 0 43.9810 0.0000
7 0 1 0 30.9786 0.0000
207 0 1 0 62.5801 0.0000
207 0 1 0 48.7697 0.0000
7 0 1 0 36.8064 0.0000
207 0 1 0 50.2059 0.0000
208 0 1 0 51.3159 0.0000
207 0 1 0 51.4902 0.0000
207 0 1 0 157.5549 0.0000
207 0 1 0 64.4174 0.0000
207 0 1 0 46.5139 0.0000
7 0 1 0 79.4001 0.0000
208 0 1 0 46.8533 0.0000
208 0 1 0 49.2803 0.0000
208 0 1 0 49.0084 0.0000
208 0 1 0 56.7645 0.0000
208 0 1 0 50.0744 0.0000
208 0 1 0 101.3165 0.0000
208 0 1 0 48.1495 0.0000
208 0 1 0 49.7859 0.0000
208 0 1 0 58.2152 0.0000
208 0 1 0 53.9346 0.0000
208 0 1 0 92.4260 0.0000
208 0 1 0 54.3099 0.0000
208 0 1 0 18.0609 0.0000
208 0 1 0 19.6782 0.0000
208 0 1 0 19.3465 0.0000
208 0 1 0 32.7143 0.0000
208 0 1 0 40.8515 0.0000
208 0 1 0 13.1545 0.0000
208 0 1 0 190.0426 0.0000
208 0 1 0 40.0304 0.0000
28 0 1 0 17.0086 0.0000
28 0 1 0 17.1460 0.0000
28 0 1 0 88.8143 0.0000
208 0 1 0 51.6713 0.0000
208 0 1 0 38.0236 0.0000
208 0 1 0 28.2618 0.0000
28 1 0 0 128.2141 0.1250
1 0 1 0 103.5578 0.0000
1 1 0 0 150.0550 0.1250
0 0 1 0 75.3343 0.0000
0 0 1 0 36.4690 0.0000
1 0 1 0 35.3424 0.0000
0 0 1 0 15.8166 0.0000
0 0 1 0 50.5173 0.0000
0 0 1 0 49.7189 0.0000
0 0 1 0 17.0708 0.0000
0 0 1 0 16.6600 0.0000
0 0 1 0 16.7447 0.0000
0 0 1 0 15.7906 0.0000
0 0 1 0 15.0588 0.0000
0 0 1 0 111.6555 0.0000
100 0 1 0 54.0427 0.0000
100 0 1 0 20.6716 0.0000
100 0 1 0 20.3675 0.0000
299 0 1 0 78.8522 0.0000
299 0 1 0 134.4411 0.0000
299 0 0 1 300.0121 0.0000
299 0 0 1 300.0053 0.0000
297 0 1 0 66.0744 0.0000
297 0 1 0 47.9080 0.0000
299 0 1 0 24.3695 0.0000
299 0 1 0 43.2535 0.0000
299 0 1 0 25.5765 0.0000
297 0 1 0 64.8765 0.0000
297 0 1 0 48.3924 0.0000
297 0 1 0 45.8808 0.0000
297 1 0 0 75.6600 0.1250
299 0 1 0 24.1052 0.0000
299 0 1 0 48.2576 0.0000
299 0 1 0 21.9641 0.0000
297 0 1 0 65.7185 0.0000
297 0 1 0 56.2315 0.0000
297 0 1 0 45.3106 0.0000
297 0 1 0 99.0860 0.0000
297 0 1 0 119.2920 0.0000
297 0 1 0 39.1149 0.0000
297 0 1 0 45.5197 0.0000
297 0 1 0 62.8128 0.0000
297 0 1 0 55.3282 0.0000
297 0 1 0 70.6045 0.0000
297 0 1 0 43.1346 0.0000
297 1 0 0 80.3323 0.1250
299 0 1 0 52.2456 0.0000
298 0 1 0 26.3010 0.0000
298 0 1 0 29.8372 0.0000
295 0 1 0 70.6932 0.0000
295 0 1 0 16.9835 0.0000
294 0 1 0 34.2413 0.0000
293 0 1 0 33.4915 0.0000
292 0 1 0 25.3878 0.0000
292 0 1 0 27.8588 0.0000
292 0 1 0 37.6018 0.0000
292 0 1 0 33.1578 0.0000
292 0 1 0 9.6837 0.0000
291 0 1 0 43.6533 0.0000
292 0 1 0 24.3523 0.0000
296 0 1 0 43.7283 0.0000
295 0 1 0 17.0508 0.0000
295 0 1 0 83.8054 0.0000
295 0 1 0 26.4427 0.0000
297 0 1 0 17.3615 0.0000
297 0 1 0 17.0797 0.0000
297 0 1 0 17.4215 0.0000
297 0 1 0 19.4048 0.0000
297 0 1 0 90.7623 0.0000
297 0 1 0 63.8537 0.0000
2 0 1 0 68.0629 0.0000
4 0 1 0 31.4977 0.0000
4 0 1 0 31.9811 0.0000
8 0 1 0 53.3807 0.0000
11 0 1 0 28.7192 0.0000
14 0 1 0 63.8011 0.0000
15 0 1 0 22.2685 0.0000
16 0 1 0 87.8339 0.0000
207 0 1 0 76.6832 0.0000
207 0 1 0 78.4365 0.0000
209 0 1 0 65.9827 0.0000
209 0 1 0 81.5402 0.0000
209 0 1 0 37.9482 0.0000
209 0 1 0 15.6150 0.0000
209 0 1 0 25.5257 0.0000
209 0 1 0 20.0170 0.0000
211 0 1 0 24.2255 0.0000
2 1 0 0 97.3136 0.1250
4 0 1 0 70.1136 0.0000
207 0 1 0 63.9071 0.0000
209 0 1 0 48.8400 0.0000
209 0 1 0 46.5755 0.0000
299 0 1 0 79.1399 0.0000
299 0 1 0 81.3653 0.0000
299 0 1 0 78.1455 0.0000
299 0 1 0 82.1095 0.0000
299 0 1 0 79.5584 0.0000
299 0 1 0 72.2835 0.0000
299 0 1 0 85.7733 0.0000
299 0 1 0 81.0072 0.0000
299 0 1 0 77.7150 0.0000
299 0 1 0 72.5147 0.0000
299 0 1 0 30.2690 0.0000
298 0 1 0 111.1917 0.0000
298 0 1 0 95.0321 0.0000
298 0 1 0 100.9244 0.0000
298 0 1 0 91.1358 0.0000
298 0 1 0 188.2231 0.0000
298 0 1 0 93.4683 0.0000
298 0 1 0 193.4477 0.0000
299 0 1 0 73.3513 0.0000
299 0 1 0 67.2966 0.0000
299 0 1 0 78.7224 0.0000
299 0 1 0 78.6872 0.0000
299 0 1 0 89.7945 0.0000
299 0 1 0 62.9743 0.0000
299 0 1 0 74.0804 0.0000
299 0 1 0 75.4657 0.0000
299 0 1 0 58.4349 0.0000
299 0 1 0 50.1679 0.0000
299 0 1 0 67.5262 0.0000
299 0 1 0 74.5080 0.0000
299 0 1 0 29.1301 0.0000
299 0 1 0 134.6090 0.0000
299 0 1 0 31.6529 0.0000
298 0 1 0 174.9080 0.0000
298 0 1 0 46.4540 0.0000
298 0 1 0 50.1595 0.0000
298 0 1 0 40.7390 0.0000
298 0 1 0 44.3701 0.0000
298 0 1 0 53.2188 0.0000
298 0 1 0 54.4280 0.0000
298 0 1 0 33.4903 0.0000
298 0 1 0 46.0586 0.0000
299 0 1 0 32.0526 0.0000
298 0 1 0 49.0120 0.0000
298 0 1 0 49.2971 0.0000
298 0 1 0 42.7550 0.0000
298 0 1 0 48.2009 0.0000
298 0 1 0 60.2705 0.0000
298 0 1 0 40.9726 0.0000
298 0 1 0 23.9666 0.0000
298 0 1 0 40.9853 0.0000
298 0 1 0 38.3352 0.0000
298 0 1 0 41.5961 0.0000
298 0 1 0 36.7955 0.0000
298 0 1 0 283.4608 0.0000
299 0 1 0 72.8935 0.0000
298 0 0 1 300.0157 0.0000
299 1 0 0 146.0717 0.1250
298 0 1 0 77.9560 0.0000
298 0 1 0 102.2476 0.0000
0 0 1 0 68.7811 0.0000
12 0 1 0 141.4405 0.0000
298 0 1 0 86.1438 0.0000
298 0 1 0 85.4712 0.0000
298 0 1 0 118.9208 0.0000
298 0 1 0 160.8646 0.0000
298 0 1 0 192.4118 0.0000
298 0 0 1 300.0048 0.0000
298 0 1 0 158.7822 0.0000
298 0 1 0 103.1423 0.0000
299 0 1 0 21.4645 0.0000
299 0 1 0 21.4706 0.0000
299 0 1 0 20.1680 0.0000
299 0 1 0 21.7347 0.0000
299 0 1 0 21.0921 0.0000
299 0 1 0 20.9481 0.0000
299 0 0 1 300.0154 0.0000
299 1 0 0 199.8698 0.1250
15 0 1 0 192.6286 0.0000
15 0 1 0 128.9375 0.0000
15 0 1 0 166.4126 0.0000
299 0 1 0 30.4583 0.0000
298 0 1 0 80.7470 0.0000
298 0 0 1 300.0082 0.0000
298 0 1 0 253.7920 0.0000
298 0 1 0 23.1157 0.0000
0 0 1 0 19.1256 0.0000
0 0 1 0 130.7923 0.0000
298 0 0 1 300.0043 0.0000
299 0 0 1 300.0191 0.0000
6 0 1 0 41.1207 0.0000
6 0 0 1 300.0210 0.0000
9 1 0 0 42.6806 0.1359
298 0 1 0 93.0453 0.0000
299 0 1 0 17.5368 0.0000
299 0 1 0 17.6994 0.0000
299 0 1 0 17.3564 0.0000
298 0 1 0 49.2025 0.0000
299 0 1 0 16.6134 0.0000
0 0 1 0 25.9273 0.0000
0 0 1 0 24.0697 0.0000
0 0 1 0 50.1664 0.0000
0 0 1 0 49.3003 0.0000
0 0 1 0 45.7253 0.0000
0 0 1 0 37.7800 0.0000
0 0 1 0 36.8679 0.0000
0 0 1 0 61.3996 0.0000
0 0 1 0 55.3236 0.0000
0 0 1 0 30.1903 0.0000
0 0 1 0 26.7291 0.0000
0 0 1 0 28.7886 0.0000
0 0 1 0 191.6435 0.0000
0 0 1 0 75.3216 0.0000
298 0 1 0 52.1819 0.0000
298 0 1 0 43.3120 0.0000
298 0 1 0 49.4683 0.0000
298 0 1 0 47.0502 0.0000
298 0 1 0 138.3196 0.0000
0 0 1 0 290.0910 0.0000
4 0 1 0 258.9528 0.0000
4 0 1 0 24.4350 0.0000
4 0 1 0 27.0862 0.0000
4 0 1 0 27.3197 0.0000
4 0 1 0 25.5169 0.0000
4 0 1 0 27.2818 0.0000
4 0 1 0 26.4022 0.0000
4 0 1 0 283.4920 0.0000
4 0 1 0 14.6567 0.0000
4 0 1 0 213.7530 0.0000
4 0 1 0 14.1794 0.0000
4 0 1 0 32.2415 0.0000
0 0 1 0 25.3968 0.0000
0 0 1 0 22.8420 0.0000
298 0 1 0 54.6612 0.0000
298 0 1 0 54.3605 0.0000
100 0 1 0 38.1062 0.0000
102 0 1 0 58.9668 0.0000
103 0 1 0 23.2939 0.0000
103 0 1 0 22.8912 0.0000
103 0 1 0 18.8119 0.0000
104 0 1 0 11.1781 0.0000
104 0 1 0 10.4675 0.0000
104 0 1 0 11.5638 0.0000
104 0 1 0 11.3096 0.0000
104 0 1 0 37.6413 0.0000
104 0 1 0 11.6914 0.0000
104 0 1 0 11.9443 0.0000
104 0 1 0 13.0978 0.0000
104 0 1 0 79.5198 0.0000
298 0 1 0 47.9659 0.0000
298 0 0 1 300.0203 0.0000
298 0 1 0 40.7515 0.0000
298 0 1 0 53.4921 0.0000
298 0 0 1 300.0106 0.0000
3 1 0 0 57.0246 0.1250
100 0 1 0 56.4978 0.0000
100 0 0 1 300.0043 0.0000
207 0 0 1 300.0066 0.0000
299 0 1 0 232.5450 0.0000
0 0 1 0 17.8130 0.0000
0 0 1 0 21.1172 0.0000
0 0 1 0 22.2887 0.0000
20 1 0 0 48.1035 0.1250
30 0 1 0 118.1768 0.0000
40 1 0 0 42.1636 0.1293
50 0 1 0 60.7934 0.0000
100 0 0 1 300.0062 0.0000
30 0 1 0 31.7473 0.0000
30 0 1 0 95.6817 0.0000
30 0 1 0 114.2584 0.0000
30 0 1 0 119.5277 0.0000
298 0 0 1 300.0172 0.0000
297 0 0 1 300.0036 0.0000
50 0 1 0 13.9986 0.0000
50 0 1 0 93.3205 0.0000
50 1 0 0 96.6355 0.1250
30 0 1 0 106.2812 0.0000
120 0 1 0 96.2440 0.0000
140 1 0 0 112.9812 0.1250
160 0 1 0 100.3108 0.0000
170 1 0 0 76.1451 0.1250
180 1 0 0 129.2978 0.1250
297 1 0 0 85.6931 0.1250
210 1 0 0 117.0738 0.1250
299 1 0 0 93.2484 0.1250
298 0 1 0 128.9654 0.0000
296 0 0 1 300.0112 0.0000
295 0 1 0 114.3090 0.0000
295 0 1 0 153.8714 0.0000
295 0 1 0 90.2442 0.0000
0 0 1 0 105.8422 0.0000
295 0 1 0 34.6767 0.0000
295 1 0 0 116.0627 0.1250
298 0 1 0 99.3042 0.0000
201 0 1 0 26.9889 0.0000
201 0 1 0 28.0639 0.0000
203 0 1 0 111.6624 0.0000
206 1 0 0 100.3441 0.1250
207 0 1 0 71.6369 0.0000
201 0 1 0 30.7616 0.0000
203 0 1 0 50.0362 0.0000
201 0 1 0 28.2407 0.0000
203 0 1 0 52.7473 0.0000
203 0 1 0 49.7753 0.0000
201 0 1 0 27.9158 0.0000
201 0 1 0 29.4680 0.0000
207 0 1 0 90.3769 0.0000
201 0 1 0 28.8071 0.0000
207 0 1 0 103.5204 0.0000
207 0 1 0 91.1444 0.0000
207 0 1 0 46.1252 0.0000
207 0 1 0 85.7716 0.0000
207 0 1 0 68.7777 0.0000
201 0 1 0 25.6804 0.0000
208 0 1 0 42.6761 0.0000
209 1 0 0 66.6688 0.1250
211 0 1 0 84.2625 0.0000
211 0 0 1 300.0109 0.0000
214 0 1 0 45.5498 0.0000
201 0 1 0 29.0830 0.0000
201 0 1 0 26.6438 0.0000
201 0 1 0 28.9258 0.0000
201 0 1 0 65.8956 0.0000
201 0 1 0 27.2120 0.0000
201 0 1 0 62.9431 0.0000
207 0 1 0 152.2218 0.0000
207 0 1 0 145.3188 0.0000
296 0 1 0 37.5806 0.0000
296 0 1 0 38.3547 0.0000
296 0 1 0 39.0261 0.0000
207 0 1 0 240.2454 0.0000
295 0 1 0 186.1308 0.0000
207 0 1 0 242.1685 0.0000
207 0 1 0 196.1661 0.0000
